LINEA 1:
Akademmistechko : 50.465015978082526, 30.355187524584036
Zhytomyrska : 50.4562624472573, 30.365438029230255
Sviatoshyn : 50.45776584808692, 30.39065662860456
Nyvky : 50.458646796231385, 30.404370570917912
Beresteiska : 50.459319913935715, 30.418634956425073
Shuliavska : 50.45422886457714, 30.448621031538917
Politekhnichnyi instytut : 50.45112975151065, 30.464291731567478
Vokzalna : 50.441333629319324, 30.489964536301958
Universytet : 50.44326693084893, 30.504630159030405
Teatralna : 50.4447938150602, 30.515523470292727
Khreshchatyk : 50.44734547179228, 30.522758804051335
Arsenalna : 50.44306249715046, 30.547156635699498
Dnipro : 50.44122885349573, 30.559336714113712
Hidropark : 50.44597803424576, 30.57688217382897
Livoberezhna : 50.45186552590256, 30.598156861534004
Darnytsia : 50.45595887549448, 30.612968983504803
Chernihivska : 50.45989135620235, 30.63029161718559
Lisova : 50.46465878887907, 30.645564379174083

 

LINEA 2:
Heroiv Dnipra : 50.522740115696095, 30.498865386439537
Misnka : 50.512393659306554, 30.498569221632515
Obolon : 50.501581630277876, 30.498181213966017
Petrivka (Pochaina) : 50.486128624743856, 30.497810402147852
Tarasa Shevchenka: 50.47405371124174, 30.503810286293774
Kontraktova ploshcha : 50.46607925893003, 30.514818775653413
Poshtova Ploshcha : 50.45935094255671, 30.524454912880408
Maidan Nezalezhnosti : 50.448170402557466, 30.524998433103274
Ploshcha Lva Tolstogo : 50.44028544161946, 30.518358539865226
Olimpiiska : 50.43138495960601, 30.516836511029062
Palats Ukrania : 50.42149290924991, 30.520717864999927
Lybidska : 50.414611259014, 30.524961651353486
Demiivska : 50.404803456026684, 30.516850277809592
Holosiivska : 50.39742117717732, 30.50825907270707
Vasylkivska : 50.39342415294817, 30.488205370300193
Vystavkovyi tsentr : 50.38247519076805, 30.477554159536847
Ipodrom : 50.37661806622592, 30.468823310597116
Teremky : 50.36709545601481, 30.45415814797518

LINEA 3:
Syrets: 50.47681524614531, 30.432776504083396
Dorohozhychi: 50.473475677999296, 30.449127599772154
Lukianivska: 50.46119338085303, 30.48362944618976
Zoloti Vorota: 50.448711867661686, 30.514327876851468
Palats Sportu: 50.43979614334605, 30.519507456240333
Klovska: 50.4370916819905, 30.531860642749198
Pecherska: 50.427383037449836, 30.539397998567257
Druzhby Narodiv: 50.41713552475245, 30.54728481205805
Vydubychi: 50.40195875036084, 30.56047726973022
Slavutych: 50.39431612062926, 30.604837229481692
Osokorky: 50.39532261410228, 30.616203209987702
Pozniaky: 50.39788991357751, 30.634739567651373
Kharkivska: 50.400847047155395, 30.65205731205759
Vyrlytsia: 50.402951109703366, 30.66691051948101
Boryspilska: 50.403465565753365, 30.684370370647205
Chervonyi khutir: 50.40954636743697, 30.69623245641607

www.metro.kyiv.ua
https://www.google.com/maps/?hl=es
